0.9092974268256817 0.0
0.6569865987187891 0.1411200080598672
-0.5365729180004349 -0.27941549819892586
-0.9613974918795568 0.4121184852417566
-0.008851309290403876 -0.5365729180004349
0.956375928404503 0.6502878401571168
0.5514266812416906 -0.7509872467716762
-0.6435381333569995 0.8366556385360561
-0.9165215479156338 -0.9055783620066238
0.123573122745224 0.956375928404503
0.9866275920404853 -0.9880316240928618
0.43616475524782494 0.9999118601072672
-0.7391806966492228 -0.9917788534431158
-0.8555199789753223 0.9637953862840878
0.25382336276203626 -0.9165215479156338
0.9995201585807313 0.8509035245341184
0.31322878243308516 -0.7682546613236668
-0.8218178366308225 0.6702291758433747
-0.7794660696158047 -0.5587890488516163
0.3796077390275217 0.43616475524782494
0.9948267913584063 -0.3048106211022167
0.18478174456066745 0.16735570030280691
-0.8899956043668333 -0.026551154023966794
-0.689697940935389 -0.11478481378318722
0.4987131538963941 0.25382336276203626
0.972630067242408 -0.38778163540943045
0.05308358714605824 0.5139784559875352
-0.9425144545582509 -0.6298879942744539
-0.5877950071674065 0.7331903200732922
0.6090440218832924 -0.8218178366308225
0.933320523748862 0.8939966636005579
-0.0795485428747221 -0.9482821412699473
-0.9784503507933796 0.9835877454343449
-0.47555018687189876 -0.9992068341863537
0.7086591401823227 0.9948267913584063
0.8775897877771157 -0.9705352835374847
-0.21078106590019152 0.926818505417785
-0.997171023392149 -0.8645514486106083
-0.3549383576518463 0.7849803886813105
0.7958058429196471 -0.689697940935389
0.8064184068658304 0.5806111842123143
-0.3383050275409778 -0.45990349068959124
-0.9983470937967718 0.329990825673782
-0.22808160941352784 -0.19347339203846847
0.8689508382163493 0.05308358714605824
0.7210585970706318 0.08836868610400143
-0.4598767232321427 -0.2280522595008612
-0.9819578697820255 0.363171365373259
-0.09721190751822432 -0.49102159389846933
0.9268071855026884 0.6090440218832924
0.623012211003653 -0.7148764296291646
-0.5733571748155426 0.8064005807754863
-0.9482917095220488 -0.8817846188147811
0.035368177256176046 0.9395197317131483
0.9683569384347241 -0.9784503507933796
0.5140043136735694 0.9977972794498907
-0.6767497645263835 -0.9971732887740798
-0.8979409481081247 0.9765908679435658
0.16732598101183924 -0.9364619742512132
0.992869055025318 0.8775897877771157
0.39595283104274065 -0.8011526357338304
-0.7682353642374471 0.7086804082392084
-0.8317914757822045 -0.6020239375552833
0.2963397884973224 0.48331795366796265
0.9999122598719259 -0.3549383576518463
0.2709348053161655 0.21945466799406363
-0.8462043418838515 -0.07957859166428352
-0.7510071512506543 -0.06189025071872073
0.4201396822393068 0.2021203593127912
0.9893626321783087 -0.3383050275409778
0.14114985067939137 0.46771851834275896
-0.9092848819352602 -0.5877706198198406
-0.6570093243162466 0.6960584883449115
0.5365474803247321 -0.7904147414931815
0.9614057860636483 0.8689508382163493
0.00888145245887885 -0.9300948780045254
-0.9563671216345017 0.9726230624856244
-0.5514518281149147 -0.9956841897581032
0.6435150601529656 0.9988166912028082
0.916533604797894 -0.9819578697820255
-0.12354320937804643 0.9454451549211168
-0.9866226783405293 -0.8900093488562771
-0.43619188095326605 0.8167599996228085
0.7391603938754915 -0.727163193443649
0.8555355864224281 0.623012211003653
-0.2537942055031938 -0.5063916349244909
-0.9995192244043064 0.37963562682930313
-0.31325740971087507 -0.24528120908194284
0.8218006615020342 0.10601748626711377
0.7794849530244592 0.035368177256176046
-0.3795798508807975 -0.1760459464712114
-0.9948298531417643 0.3132001548706699
-0.18481136973170906 -0.4440856600409099
0.8899818590686664 0.5660827877060441
0.689719768063795 -0.6767497645263835
-0.4986870255363352 0.7738715902084317
-0.9726370711153801 -0.8555043707508208
-0.053113688973945104 0.9200142254959646
0.9425043809306535 -0.9661099892625297
0.5878193939808536 0.992869055025318
-0.6090201130220971 -0.9997558399011495
-0.9333313464826719 0.9866325048439105
0.07951849401287635 -0.9537617134939987
0.9784441260755459 0.9018013749637745
0.4755767042996153 -0.8317914757822045
-0.708637871481491 0.7451332645574127
-0.8776042389525125 -0.6435612059762619
0.21075159869536877 0.5291082654818533
0.9971687571041068 -0.4040652194563607
0.35496653913623116 0.2709348053161655
-0.7957875885887045 -0.13238162920545193
-0.8064362322233966 -0.008821166113885877
0.33827666045026744 0.14984740573347818
0.9983488258124457 -0.2878744485084861
0.22811095911894086 0.4201396822393068
-0.8689359194288628 -0.5439958173735323
-0.7210794829843191 0.6569638725243396
0.4598499553568124 -0.7567827912998033
0.9819635696276799 0.8414546973619527
0.09724190905490493 -0.9092848819352602
-0.9267958647454188 0.9589157234143065
-0.6230357899988372 -0.9893538601694428
0.5733324771196631 0.9999900726865629
0.9483012769124547 -0.9906114770998198
-0.03533805174655298 0.9614057860636483
-0.9683494148893343 -0.9129575516827102
-0.514030170892537 0.8462364656975445
0.6767275715505089 -0.7625779510977885
0.8979542147110153 0.6636564336219596
-0.1672962615688254 -0.5514518281149147
-0.9928654610638965 0.42820991051876856
-0.3959805115438519 -0.2963973686521434
0.7682160664531459 0.15865243143670757
0.8318082081799767 -0.017732064727370864
-0.2963109980159809 -0.12354320937804643
-0.9999126587279824 0.26234576530777837
-0.27096382207826836 -0.39589746896115763
0.8461882788236016 0.5215252820815293
0.7510270550472057 -0.6367147631351318
-0.42011232727019937 0.7391603938754915
-0.9893670168342196 -0.8268117243068012
-0.1411796931706552 0.8979144124545271
0.909272336218588 -0.9510453375319575
0.6570320493166915 0.9851410837124249
-0.536522042161478 -0.9995192244043064
-0.9614140793741277 0.9938919810238954
-0.008911595619283405 -0.9683719828857112
0.9563583139954668 0.9234700129260028
0.5514769744870444 -0.860084784378807
-0.643491986364181 0.7794849530244592
-0.9165456608473167 -0.6832837250355235
0.12351329589860735 0.5734065686442813
0.986617763744047 -0.45205267588297
0.43621900626234744 0.32165094574030556
-0.7391400904300984 -0.18481136973170906
-0.8555511930921242 0.04427279290137974
0.2537650480137331 0.09715190417988626
0.9995182893196364 -0.2366321052384454
0.3132860367040136 0.3713761131017696
-0.8217834856264904 -0.4986870255363352
-0.7795038357248096 0.6160167137641636
0.37955196238915595 -0.7210168232776373
0.9948329140211382 0.8115857761709371
0.1848409947348159 -0.8859108342361154
-0.889968112961789 0.9425043809306535
-0.6897415945654649 -0.9802336960326743
0.49866089672312836 0.9983436270438855
0.9726440741045344 -0.9964717035719659
0.0531437907535685 0.9746553921779337
-0.9424943064466191 -0.9333313464826719
-0.5878437802601598 0.8733266675417377
0.6089962036074961 -0.7958423494121123
0.9333421683683804 0.7024292412479847
-0.07948844507877358 -0.5949570070443855
-0.9784379004686174 0.4755767042996153
-0.47560322129518384 -0.34667773058479046
0.7086166021367329 0.21083999973521134
0.8776186893304462 -0.07078230485740782
-0.21072213129903983 -0.07069209833337335
-0.9971664899099553 0.21075159869536877
-0.35499472029806434 -0.34659290437655327
0.795769333534644 0.47549715072011806
0.8064540568481685 -0.5948843183590627
-0.33824829305217113 0.7023648723213674
-0.9983505569209379 -0.7957875885887045
-0.22814030861707352 0.873282610859792
0.8689209998517899 -0.9332988757369771
0.7211003682427745 0.9746351572706857
-0.4598231870636247 -0.9964641095049708
-0.9819692685810417 0.9983488258124457
-0.09727191050322355 -0.9802515835834019
0.9267845431459862 0.9425345992440989
0.6230593684278799 -0.8859527784925297
-0.5733077789028065 0.811638606855743
-0.9483108434411563 -0.7210794829843191
0.03530792620481886 0.616087948358266
0.9683418904640229 -0.49876540925697305
0.5140560276444147 0.37146007709824136
-0.6767053779597041 -0.23671996897079078
-0.8979674804979512 0.09724190905490493
0.1672665419737925 0.044182448331873195
0.992861866200276 -0.18472249371488758
0.3960081916851428 0.3215653171302501
-0.7681967679707804 -0.451972008536893
-0.8318249398218998 0.5733324771196631
0.29628220726538684 -0.683217692274733
0.9999130566754362 0.7794283006736524
0.27099283859415124 -0.8600386463351707
-0.8461722149944356 0.923435312642794
-0.7510469581613124 -0.9683494148893343
0.42008497191934335 0.9938819970129513
0.9893714005911104 -0.9995220242088421
0.14120953553363158 0.9851566112943334
-0.9092597896756763 -0.9510732821065815
-0.6570547737201031 0.8979542147110153
0.5364966035106962 -0.8268625876027196
0.9614223718109872 0.7392213001816265
0.008941738771590156 -0.6367844934113518
-0.9563495054874062 0.5216024406758817
-0.5515021203580568 -0.3959805115438519
0.6434689119906669 0.2624330297809573
0.9165577160638908 -0.12363294914268595
-0.12348338230693397 -0.01764164581327013
-0.9866128482510428 0.15856314310832614
-0.4362461311750444 -0.2963109980159809
0.739119786313062 0.428128186283695
0.8555667989843964 -0.5513763859920506
-0.25373589029368065 0.6635887835859072
-0.9995173533267221 -0.7625194471644794
-0.3133146634124747 0.8461882788236016
0.8217663090042067 -0.912920646328743
0.7795227177168391 0.9613809008905675
-0.3795240735526223 -0.9905991101845337
-0.9948359739965252 0.999990471552965
-0.18487061956996106 -0.9893670168342196
0.8899543660462135 0.9589413745467228
0.689763420440379 -0.9093225141277265
-0.4986347674567973 0.8415035574058807
-0.9726510762098645 -0.7568419012610816
-0.0531738924849011 0.6570320493166915
0.9424842311061572 -0.5440716964379951
0.587868166005303 0.42022174485588953
-0.6089722936395112 -0.28796105219335977
-0.9333529894059777 0.14993681711330134
0.07945839607244107 -0.008911595619283405
0.9784316739726002 -0.1322919915216454
0.4756297378585802 0.2708477535528008
-0.7085953321480677 -0.40398249595507346
-0.8776331389109034 0.5290315259540843
0.21069266371123146 -0.643491986364181
0.9971642218096964 0.7450729502920265
0.35502290113732016 -0.8317412740539448
-0.7957510777574821 0.9017622905605737
-0.8064718807401303 -0.9537345286904526
0.33821992534671463 0.986617763744047
0.9983522871222469 -0.9997538375481824
0.2281696579078992 0.9928798314963556
-0.8689060794851441 -0.9661333288664309
-0.7211212528459787 0.9200496610903988
0.45979641835260393 -0.8555511930921242
0.9819749666421057 0.773928862147125
0.09730191186315293 -0.6768163397642243
-0.9267732207044014 0.5661573337391944
-0.6230829462907598 -0.4441666848300092
0.5732830801649955 0.3132860367040136
0.9483204091081449 -0.1761349664233212
-0.03527780063100106 0.03545855359210518
-0.9683343651587963 0.1059275624303434
-0.5140818839291789 -0.2451935375705356
0.6766831837539894 0.37955196238915595
0.89798074546892 -0.5063136520999421
-0.16723682222676747 0.6229414706214662
-0.9928582704344598 -0.7271011113730546
-0.39603587146658814 0.8167078184368716
0.7681774687903683 -0.889968112961789
0.8318416707079584 0.945415689654786
-0.2962534162455665 -0.981940764891358
-0.999913453714287 0.998812289042307
-0.2710218548637878 -0.9956925784370406
0.8461561503963682 0.9726440741045344
0.7510668605929561 -0.9301280920157128
-0.4200576161867637 0.8689955898411542
-0.9893757834489771 -0.7904701350275293
-0.14123937776829337 0.6961234150868356
0.9092472423065365 -0.5878437802601598
0.6570774975264609 0.46779844817476307
-0.5364711643724094 -0.33839012696853565
-0.9614306633742197 0.20220892507028168
-0.008971881915771708 -0.06198051016190544
0.956340696110328 -0.07948844507877358
0.5515272657279293 0.21936643855075033
-0.6434458370324442 -0.35485381126363746
-0.9165697704476053 0.48323878253139313
0.12345346860305345 -0.6019517262811898
0.9866079318615212 0.7086166021367329
0.4362732556913324 -0.8010985118825478
-0.7390994815244006 0.8775464294662774
-0.8555824040992303 -0.9364302492977055
0.25370673234306296 0.9765714113225485
0.9995164164255643 -0.9971664899099553
0.31334328983623244 0.9978032744219705
-0.8217491316351986 -0.9784690196122566
-0.7795415990005301 0.9395507007222859
0.37949618437122196 -0.8818272681692509
0.9948390330679227 0.8064540568481685
0.1849002442371176 -0.714939662096101
-0.8899406183219525 0.6091157451462272
-0.6897852456885175 -0.4911003724158074
0.4986086377373658 0.3632556223924401
0.972658077431364 -0.22814030861707352
0.053203994167915526 0.08845876501358538
-0.9424741549092767 0.05299328137309047
-0.5878925512162609 -0.1933846668727768
0.6089483831181642 0.3299054569501611
0.9333638095954538 -0.4598231870636247
-0.07942834699390615 0.5805375529616218
-0.9784254465874996 -0.6896324557899539
-0.47565625398978045 0.7849243603267638
0.7085740615155145 -0.8645059984548472
0.8776475876938712 0.9267845431459862
-0.21066319593197044 -0.9705134889047492
-0.9971619528033323 0.9948176005844565
-0.35505108165397303 -0.9992104312245924
0.7957328212572355 0.9836040582900275
0.8064897038992654 -0.9483108434411563
-0.3381915573339238 0.8940371806131415
-0.9983540164163711 -0.8218693575364985
-0.22819900699139117 0.733251813680783
0.8688911583289389 -0.6299582297887875
0.7211421367939131 0.5140560276444147
-0.4597696492237744 -0.38786499061161595
-0.9819806638108667 0.2539108331545893
-0.09733191313466581 -0.11487464864560613
0.9267618974206743 -0.026460752737064126
0.6231065235874554 0.1672665419737925
-0.5732583809062524 -0.30472449023565196
-0.9483299739134118 0.4360833757535898
0.03524767502512696 -0.558714049540841
0.9683268389736619 0.6701620578277746
0.5141077397468061 -0.7681967679707804
-0.6766609889333848 0.8508560145797973
-0.8979940096239099 -0.9164853722719367
0.16720710232777736 0.9637712690067693
0.9928546737664511 -0.9917672772396455
0.3960635508881628 0.9999130566754362
-0.7681581689119272 -0.9880455694833501
-0.8318584008381376 0.9564023435002251
0.296224624956546 -0.9056167181092594
0.9999138498445344 0.8367051679479498
0.27105087088715174 -0.7510469581613124
-0.8461400850294138 0.6503565384006261
-0.751086762342119 -0.5366492281020062
0.42003026007248523 0.4122008798541881
0.9893801654078159 -0.2795023281934896
0.1412692198746135 0.14120953553363158
-0.9092346941111801 -9.043305996889882e-05
-0.6571002207357443 -0.14103047943200392
0.5364457247466409 0.2793286659192636
0.9614389540638172 -0.41203608725896307
0.009002025051800673 0.5364966035106962
-0.9563318858642402 -0.6502191365954637
-0.5515524105966387 0.7509275292403622
0.6434227614895337 -0.8366061022818767
0.9165818239984493 0.9055399984980432
-0.12342355478699298 -0.9563495054874062
-0.9866030145754867 0.9880176706221142
-0.4363003798111867 -0.9999106553616806
0.739079176064133 0.9917904215356813
0.8555980084366118 -0.9638194956793541
-0.2536775741619065 0.9165577160638908
-0.9995154786161639 -0.8509510275296328
-0.31337191597526076 0.7683125483936604
0.8217319535194819 -0.6702962883777479
0.7795604795758658 0.5588640435925373
-0.37946829484498024 -0.4362461311750444
-0.9948420912353279 0.30489674947599804
-0.1849298687362586 -0.16744485726316327
0.8899268697890185 0.02664155509373045
0.6898070703098605 0.11469497798204223
-0.4985825075648576 -0.25373589029368065
-0.9726650777690267 0.3876982770359131
-0.053234095802584445 -0.5139008801272689
0.942464077855987 0.6298177536088091
0.5879169358930114 -0.7331288204696695
-0.6089244720434767 0.8217663090042067
-0.933374628936799 -0.8939561392767458
0.07939829784319612 0.9482534313435556
0.9784192183133213 -0.9835714245347456
0.4756827696887604 0.9992032289764632
-0.7085527902390929 -0.9948359739965252
-0.8776620356793364 0.9705570702330485
0.21063372796128357 -0.9268524601099338
0.9971596828908651 0.8645968916959479
0.3550792618479974 -0.7850364106161789
-0.7957145640339209 0.689763420440379
-0.806507526325558 -0.5806848107146881
0.33816318901382436 0.4599837905544034
0.9983557448033089 -0.3300761916986924
0.22822835586752285 0.19356211562190795
-0.868876236383188 -0.0531738924849011
-0.7211630200865586 -0.08827860647172615
0.4597428796771605 0.22796420851960592
0.9819863600873194 -0.36308710538401223
0.09736191431773494 0.49094281136548873
-0.9267505732948154 -0.6089722936395112
-0.6231301003179452 0.7148131913158698
0.5732336811265998 -0.8063470981079486
0.9483395378569481 0.8817419622489547
-0.03521754938722393 -0.9394887550204882
-0.9683193119086263 0.9784316739726002
-0.5141335950972729 -0.9977912763176868
0.6766387934979105 0.9971800794831833
0.8980072729629087 -0.9766103165778877
-0.16717738227684917 0.9364936915462055
-0.9928510761962532 -0.8776331389109034
-0.3960912299498416 0.801206753033176
0.7681388683354745 -0.7087442085459975
0.8318751302124219 0.6020961439059417
-0.2961958333983515 -0.48339712085189107
-0.9999142450661779 0.35502290113732016
-0.27107988666421656 -0.21954289564264626
0.8461240188935872 0.07966873759898874
0.7511066634087827 0.06179999076938898
-0.4200029035765328 -0.2020317919023325
-0.9893845464676227 0.33821992534671463
-0.1412990618525648 -0.46763858468568814
0.9092221450896185 0.5876974545726518
0.6571229433479324 -0.6959935559105248
-0.5364202846334138 0.7903593414947124
-0.9614472438797725 -0.8689060794851441
-0.009032168179649658 0.9300616563868934
0.9563230747491508 -0.9726020429124683
0.5515775549641625 0.9956757929363228
-0.6433996853619566 -0.9988210851948485
-0.916593876716412 0.9819749666421057
0.12339364085877974 -0.9454746124554664
0.9865980963929438 0.8900505774721458
0.43632750353458266 -0.8168121741291692
-0.7390588699322772 0.7272252695674023
-0.8556136119965267 -0.6230829462907598
0.25364841575023783 0.5064696136076988
0.9995145398985217 -0.3797192881647377
0.31340054182953364 0.24536887858740644
-0.8217147746570722 -0.10610740923685848
-0.7795793594428289 -0.03527780063100106
0.3794404049739225 0.1759569250793735
0.9948451484987378 -0.31311427047593193
0.18495949306735715 0.4440046316200165
-0.8899131204474239 -0.5660082370433905
-0.6898288943043882 0.6766831837539894
0.49855637693929644 -0.7738143119409093
0.972672077222846 0.855457541413084
0.053264197388880496 -0.9199787823775267
-0.942453999946297 0.9660866417576471
-0.5879413200355323 -0.9928582704344598
0.6089005604154705 0.999757834077975
0.9333854474300035 -0.986647237874957
-0.07936824862033828 0.9537888904975496
-0.9784129891500712 -0.901840451991919
-0.4757092849554959 0.8318416707079584
0.708531518318822 -0.7451935727289959
0.8776764828672858 0.6436304203252101
-0.21060425979919764 -0.5291850006825017
-0.9971574120722968 0.40414793965314666
-0.35510744171936753 -0.2710218548637878
0.7956963060875547 0.1324712658066232
0.8065253480189916 0.00873073653634763
-0.3381348203864421 -0.14975799312818222
-0.9983574722830588 0.2877878424693353
-0.2282577045362675 -0.4200576161867637
0.8688613136479049 0.5439199338601964
0.7211839027238963 -0.6568956903592464
-0.4597161097127864 0.7567236751494507
-0.9819920554714588 -0.8414058304364919
-0.09739191541233304 0.9092472423065365
0.9267392483268347 -0.9588900644397448
0.623153676482208 0.9893406954135933
-0.57320898082606 -0.9999896656421035
-0.9483491009387455 0.9906238359137481
0.035187423717319345 -0.9614306633742197
0.9683117839636962 0.9129944495703841
0.5141594499805556 -0.8462846456508486
-0.6766165974475866 0.7626364487946297
-0.8980205354859045 -0.6637240782305378
0.16714766207400986 0.5515272657279293
0.9928474777238694 -0.42829163125188224
0.39611890865159943 0.2964837368643273
-0.7681195670610278 -0.1587417184676075
-0.8318918588307961 0.017822483496456317
0.29616704157100915 0.12345346860305345
0.9999146393792174 -0.2622584986890995
0.271108902194956 0.3958144231407591
-0.8461079519889029 -0.5214481192220709
-0.7511265637929294 0.6366450276517703
0.4199755466989313 -0.7390994815244006
0.9893889266283936 0.8267608542491021
0.1413289037021202 -0.8978746028547704
-0.9092095952418631 0.9510173851795533
-0.6571456653630047 -0.9851255480738963
0.5363948440327513 0.9995164164255643
0.961455532822078 -0.9939019569066535
0.009062311299291276 0.9683945429626082
-0.9563142627650678 -0.9235047056569461
-0.5516026988304776 0.860130915388551
0.6433766086497337 -0.7795415990005301
0.9166059286014822 0.6833497522083253
-0.12336372681844092 -0.5734806554795013
-0.986593177313897 0.45213333953209767
-0.4363546268614957 -0.3217365717198551
0.739038563128852 0.1849002442371176
0.855629214778961 -0.044363137108817265
-0.25361925710808336 -0.09706189851034586
-0.9995136002726387 0.23654423957088996
-0.3134291673990251 -0.37129214606813266
0.821697595047985 0.4986086377373658
0.7795982386014021 -0.6159454741321911
-0.3794125147580741 0.7209541576743801
-0.9948482048581498 -0.8115329388488705
-0.18498911723038636 0.8858688827345996
0.8898993702971811 -0.9424741549092767
0.6898507176720808 0.98021580046546
-0.49853024586070604 -0.9983384201107329
-0.9726790757928157 0.9964792894896777
-0.05329429892677633 -0.9746756191143152
0.9424439211802159 0.9333638095954538
0.5879657036438015 -0.873370717081497
-0.6088766482341672 0.7958971037270114
-0.9333962650750574 -0.7024936044300384
0.07933819932535995 0.5950296908640674
0.9784067590977548 -0.47565625398978045
0.47573579978996294 0.3467625539578492
-0.7085102457547212 -0.21092839905077523
-0.8776909292577064 0.07087251080257478
0.21057479144573937 0.07060189123120914
0.9971551403476294 -0.21066319593197044
0.355135621268058 0.3465080753338313
-0.7956780474181536 -0.47541759325193933
-0.80654316897955 0.5948116248086938
0.33810645145180285 -0.702300497650713
0.9983591988556193 0.7957328212572355
0.22828705299759847 -0.8732385470360203
-0.8688463901231029 0.9332663973586349
-0.721204784705907 -0.9746149143927364
0.4596893393306766 0.9964565072887542
0.9819977499632797 -0.9983540164163711
0.09742191641843286 0.9802694631174964
-0.9267279225167429 -0.9425648098493661
-0.6231772520802222 0.8859947155034997
0.5731842800046555 -0.811691430902856
0.948358663158795 0.7211421367939131
-0.035157298015440576 -0.6161591779139161
-0.9683042551388786 0.4988437888986384
-0.5141853043966309 -0.3715440380568612
0.6765944007824335 0.23680783076720746
0.8980337971928851 -0.09733191313466581
-0.16711794171928648 -0.044092103401036475
-0.9928438783493029 0.18463361618738
-0.39614658699341115 -0.321479685890389
0.7681002650886047 0.4518913374945264
0.8319085866932452 -0.5732583809062524
-0.29613824947454515 0.6831516539264935
-0.9999150327836525 -0.7793716419485732
-0.2711379174793436 0.8599925012580193
0.8460918843153754 -0.9234006048076034
0.7511464634945408 0.9683268389736619
-0.4199481894397055 -0.9938720048739027
-0.9893933058901244 0.9995248158391482
-0.14135874542325255 -0.985172130819495
0.9091970445679252 0.9511012189031965
0.6571683867809406 -0.8979940096239099
-0.5363694029446764 0.8269134441364414
-0.961463820890726 -0.7392822004423073
-0.009092454410698133 0.63685421847986
0.9563054499119993 -0.5216795950044971
0.5516278421955613 0.3960635508881628
-0.643353531352886 -0.26252029210792255
-0.9166179796536491 0.12372268789623811
0.1233338126660037 0.017551226754893578
0.9865882573383505 -0.15847385348319334
0.4363817497919011 0.296224624956546
-0.7390182556538757 -0.42804645854732987
-0.8556448167839004 0.5513009393599543
0.25359009823546963 -0.6635211281229341
0.9995126597385156 0.7624609369951808
0.31345779268370905 -0.8461400850294138
-0.8216804146922358 0.9128837335087845
-0.7796171170515684 -0.9613560078551807
0.37938462419746033 0.9905867351679911
0.9948512603135612 -0.9999908622413068
0.18501874122531925 0.9893801654078159
-0.8898856193383029 -0.958967017836784
-0.6898725404129185 0.9093601388836273
0.4985041143291101 -0.8415524105678761
0.9726860734789293 0.7569010050328022
0.053324400416244595 -0.6571002207357443
-0.9424338415577531 0.5441475710529643
-0.5879900867177968 -0.4203038040358406
0.6088527354995887 0.2880476535232482
0.9334070818719509 -0.15002622726692047
-0.0793081499582884 0.009002025051800673
-0.9784005281563776 0.13220235275593667
-0.4757623141921374 -0.2707606995744057
0.70848897254681 0.4038997691499615
0.8777053748505851 -0.5289547820998222
-0.21054532290093558 0.6434227614895337
-0.9971528677168652 -0.7450126299333306
-0.35516380049404306 0.8316910655235898
0.7956597880257341 -0.9017231987826361
0.8065609892072172 0.9537073360871335
-0.3380780822099323 -0.9866030145754867
-0.9983609245209886 0.99975182701909
-0.2283164012514891 -0.9928905998474845
0.868831465808796 0.9661566605691602
0.721225666032572 -0.9200850891605395
-0.4596625685308554 0.8555980084366118
-0.9820034435627768 -0.7739861277565211
-0.09745191733600712 0.6768829094669674
0.9267165958645499 -0.5662318751422317
0.6232008271119664 0.444247705986652
-0.5731595786624086 -0.31337191597526076
-0.948368224517088 0.17622398493497488
0.03512717228161501 -0.03554892963804936
0.9682967254341804 -0.10583763772728276
0.5142111583454753 0.24510586405390167
-0.6765722035024712 -0.37946829484498024
-0.8980470580838386 0.5062356651346902
0.16708822121270606 -0.6228707251447778
0.992840278072557 0.7270390233561267
0.39617426497525154 -0.816655630571785
-0.7680809624182227 0.8899268697890185
-0.831925313799754 -0.9453862166567147
0.2961094571089857 0.9819236519702429
0.9999154252794826 -0.9988078787133806
0.2711669325173531 0.9957009589730663
-0.8460758158730195 -0.9726650777690267
-0.7511663625135989 0.9301612984201839
0.4199208317988804 -0.869040334359193
0.9893976842528114 0.790525522097303
0.14138858701593476 -0.6961883361357661
-0.9091844930678162 0.5879169358930114
-0.6571911076017193 -0.4678783741810467
0.5363439613692123 0.33847522362869226
0.9614721080857092 -0.20229748917407955
0.009122597513842841 0.06207076909820497
-0.9562966361899531 0.07939829784319612
-0.5516529850593906 -0.21927820731342795
0.6433304534714346 0.3547692619733851
0.9166300298729017 -0.48315960744283
-0.12330389840149525 0.6018795100842518
-0.9865833364663091 -0.7085527902390929
-0.43640887232577424 0.8010443814797708
0.7389979475073668 -0.8775030639787429
0.8556604180113306 0.9363985166859414
-0.25356093913242317 -0.9765519467149952
-0.9995117182961532 0.9971596828908651
-0.31348641768355956 -0.9978092612338769
0.8216632335898406 0.9784876804290786
0.7796359947933107 -0.9395816620476479
-0.37935673329210656 0.8818699103120153
-0.9948543148649691 -0.806507526325558
-0.18504836505212893 0.7150028887161619
0.8898718675708015 -0.6091874634277293
0.6898943625268814 0.4911791469168586
-0.49847798234453256 -0.36333987644086646
-0.9726930702811806 0.22822835586752285
-0.05335450185725793 -0.0885488431997413
0.9424237610789176 -0.05290297516673631
0.5880144692574962 0.1932959401255586
-0.6088288222117566 -0.32982008552852765
-0.9334178978206741 0.4597428796771605
0.07927810051915098 -0.580463916963213
0.9783942963259454 0.6895669650046092
0.4757888281619952 -0.7848683255529972
-0.7084676986951075 0.8644605412290366
-0.8777198196459086 -0.9267505732948154
0.21051585416481303 0.97049168633502
0.997150594180006 -0.9948084016747505
0.3551919793972972 0.99921402009115
-0.7956415279103128 -0.98362036310166
-0.806578808701977 0.9483395378569481
0.33804971266085626 -0.8940776903141655
0.9983626492791653 0.8219208717208131
0.2283457492979127 -0.733313301291639
-0.8688165407049975 0.6300284601512355
-0.7212465467038721 -0.5141335950972729
0.459635797313347 0.38794834264178785
0.9820091362699451 -0.2539983014706244
0.09748191816502859 0.11496448256856427
-0.9267052683702663 0.026370351233761764
-0.6232244015774193 -0.16717738227684917
0.573134876799342 0.30463835687700813
0.9483777850136159 -0.43600199269300444
-0.035097046515870006 0.5586390456608251
-0.9682891948496083 -0.6700949343314965
-0.5142370118270653 0.7681388683354745
0.6765500056077198 -0.850808497667058
0.8980603181587529 0.9164491891330956
-0.16705850055429555 -0.9637471438475962
-0.992836676893635 0.9917556929253653
-0.3962019425970955 -0.9999142450661779
0.7680616590498993 0.9880595067934651
0.831942040150307 -0.9564287507743566
-0.2960806644743568 0.905655066805636
-0.9999158168667076 -0.836754690517153
-0.271195947308958 0.7511066634087827
0.8460597466618497 -0.6504252313254296
0.7511862608500857 0.5367255338147858
-0.41989347377648073 -0.41228327109558377
-0.9894020617164505 0.2795891559022446
-0.1414184284801397 -0.1412990618525648
0.9091719407415477 0.00018086611919822357
0.6572138278253202 0.14094094965077383
-0.536318519306382 -0.2792418313552128
-0.9614803944070199 0.41195368590648146
-0.009152740608698008 -0.5364202846334138
0.9562878215989373 0.6501504277162284
0.5516781274219428 -0.750867805567859
-0.6433073750054003 0.8365565591858168
-0.916642079259229 -0.9055016275838312
0.12327398402494277 0.9563230747491508
0.9865784146977772 -0.9880037090712214
0.4364359944630905 0.9999094424386863
-0.7389776386893437 -0.9918019815172476
-0.8556760184612378 0.9638435971923713
0.2535317797989704 -0.916593876716412
0.9995107759455525 0.850998523565952
0.3135150423985506 -0.7683704291802875
-0.8216460517408146 0.6703633954303453
-0.7796548718266118 -0.5589390337629908
0.3793288420420382 0.43632750353458266
0.9948573685123707 -0.30498287535629154
0.1850779887107885 0.1675340128541324
-0.8898581149946896 -0.026731955945615785
-0.6899161840139496 -0.11460514124290583
0.4984518499069969 0.25364841575023783
0.9727000661995632 -0.3876149154917456
0.053384603249788984 0.5138233000642499
-0.9424136797437184 -0.6297475077924277
-0.5880388512628774 0.733067314870418
0.6088049083706928 -0.8217147746570722
0.9334287129212172 0.8939156076420367
-0.07924805100797497 -0.9482247136622162
-0.978388063606464 0.9835550955913631
-0.47581534169951223 -0.9991996155949505
0.7084464241996331 0.9948451484987378
0.8777342636436638 -0.9705788489912621
-0.21048638523739852 0.926886407222155
-0.9971483197370539 -0.8646423277104945
-0.3552201579777947 0.785092426130911
0.7956232670719064 -0.6898288943043882
0.806596627463813 0.5807584324681413
-0.33802134280460056 -0.46006408665740456
-0.9983643731301477 0.330161555024194
-0.22837509713684265 -0.19365083762236968
0.868801614811721 0.053264197388880496
0.7212674267197884 0.08818852611749621
-0.45960902567817585 -0.22787615567402783
-0.9820148280847792 0.36300284242538894
-0.09751191890546998 -0.49086402481750996
0.9266939400339023 0.6089005604154705
0.6232479754765593 -0.714749947156734
-0.5731101744154782 0.8062936088459927
-0.9483873446483699 -0.8816992984721206
0.03506692071823295 0.9394577706445593
0.9682816633851692 -0.9784129891500712
0.5142628648413773 0.9977852650254079
-0.6765278070981996 -0.9971868620372102
-0.8980735774176157 0.9766297572253554
0.16702877974408198 -0.9365254011824229
0.99283307481254 0.8776764828672858
0.3962296198589179 -0.8012608637801419
-0.768042354983652 0.7088080030565784
-0.8319587657448895 -0.6021683453325746
0.29605187157068474 0.483476284082531
0.9999162075453271 -0.35510744171936753
0.2712249618541321 0.21963112149577674
-0.8460436766818805 -0.079758882882152
-0.7512061585039829 -0.06170973031464836
0.41986611537253143 0.20194322283962984
0.9894064382810377 -0.3381348203864421
0.14144826981584024 0.46755864720420426
-0.909159387589131 -0.587624284519192
-0.6572365474517228 0.6959286177842064
0.5362930767562087 -0.7903039350325755
0.9614886798546507 0.8688613136479049
0.009182883695236245 -0.9300284271630885
-0.95627900613896 0.9725810153852382
-0.5517032692831949 -0.995667387971768
0.6432842959548042 0.9988254710183917
0.9166541278126201 -0.9819920554714588
-0.12324406953637343 0.9455040622575938
-0.9865734920327591 -0.8900917988090575
-0.43646311620382516 0.8168643419555269
0.7389573291998248 -0.7272873397438065
0.8556916181336073 0.623153676482208
-0.25350262023513787 -0.5065475881489283
-0.9995098326867143 0.37980294639477535
-0.31354366682865614 -0.2454565460862094
0.8216288691451737 0.10619733133884211
0.7796737481514544 0.035187423717319345
-0.37930095044728046 -0.17586790224853552
-0.9948604212557633 0.3130283835205022
-0.18510761220127103 -0.4439235995679919
0.8898443616099796 0.5659336817518432
0.6899380048741034 -0.6766165974475866
-0.4984257170165271 0.7737570273450266
-0.9727070612340707 -0.8554107050792973
-0.05341470459381041 0.9199433317353752
0.942403597552165 -0.9660632863519746
0.5880632327339181 0.9928474777238694
-0.6087809939764188 -0.9997598200786427
-0.9334395271735704 0.986661962837066
0.07921800142478767 -0.953816059700883
0.9783818299979389 0.9018795216446873
0.4758418548046644 -0.8318918588307961
-0.7084251490604062 0.745253874806283
-0.8777487068438378 -0.6436996294104597
0.2104569161187188 0.5292617315554021
0.9971460443880111 -0.4042306565447548
0.3552483362355101 0.271108902194956
-0.7956050055105315 -0.1325609013244261
-0.8066144454927091 -0.008640306887408215
0.3379929726411909 0.14966857929814464
0.9983660960739345 -0.28770123407661574
0.22840444476825225 0.4199755466989313
-0.8687866881289801 -0.5438440458986081
-0.7212883060803019 0.6568275028219694
0.4595822536253662 -0.756664552810507
0.9820205190072742 0.8413569566298976
0.09754191955730404 -0.9092095952418631
-0.9266826108554681 0.9588643976232474
-0.6232715488093651 -0.9893275225667787
0.5730854715108392 0.9999892504195903
0.9483969034213414 -0.9906361866262178
-0.03503679488873121 0.961455532822078
-0.96827413104087 -0.9130313399914632
-0.5142887173883878 0.8463328186831197
0.6765056079739307 -0.7626949402545243
0.8980868358604154 0.6637917174110886
-0.16699905878209234 -0.5516026988304776
-0.9928294718292756 0.4283733484823677
-0.39625729676069354 -0.2965701026518261
0.7680230502194985 0.15883100420029567
0.8319754905834857 -0.017912902119787036
-0.2960230783979957 -0.12336372681844092
-0.9999165973153407 0.26217122992563435
-0.27125397615284885 -0.3957313740833354
0.8460276059331266 0.5213709520981378
0.7512260554752727 -0.6365752869618378
-0.4198387565870573 0.739038563128852
-0.9894108139465689 -0.8267099774300383
-0.1414781110230093 0.8978347859120711
0.9091468336105774 -0.9509894250495972
0.6572592664809063 0.9851100043788746
-0.5362676337187156 -0.9995136002726387
-0.9614969644285939 0.9939119246611438
-0.009213026773430158 -0.9684170951198404
0.9562701898100291 0.9235393908353401
0.5517284106431243 -0.8601770393640253
-0.6432612163196672 0.7795982386014021
-0.9166661755330641 -0.6834157737925983
0.12321415493581442 0.5735547376247172
0.9865685684712595 -0.4522139994836163
0.4364902375479537 0.3218221950681984
-0.7389370190388288 -0.18498911723038636
-0.8557072170284253 0.04445348095344691
0.25347346044095204 0.09697189204701984
0.9995088885196395 -0.236456371968843
0.3135722909738502 0.37120817599801714
-0.8216116858029334 -0.49853024586070604
-0.7796926237678216 0.6158742294629314
0.3792730585078588 -0.7208914861750602
0.9948634730951442 0.8114800948899752
0.1851372355235496 -0.8858269239883256
-0.889830607416684 0.9424439211802159
-0.6899598251073229 -0.9801978968819052
0.49839958367314674 0.9983332050130307
0.9727140553846968 -0.9964868672580439
0.05344480588929486 0.9746958380796645
-0.9423935145042662 -0.9333962650750574
-0.5880876136705964 0.87341475947871
0.6087570790289565 -0.7959518515329538
0.9334503405777239 0.7025579618670021
-0.07918795176961639 -0.5951023698175143
-0.9783755955003758 0.47573579978996294
-0.47586836747742767 -0.3468473744950359
0.7084038732774461 0.2110167966413375
0.8777631492464172 -0.07096271616813656
-0.21042744680880066 -0.07051168355165288
-0.9971437681328795 0.21057479144573937
-0.35527651417041767 -0.3464232434573184
0.7955867432262045 0.47533803189572976
0.8066322627886493 -0.594738926393873
-0.3379646021706531 0.702236117236548
-0.9983678181105238 -0.7956780474181536
-0.22843379219211482 0.8731944760707829
0.8687717606567883 -0.9332339113479111
0.7213091847853939 0.9745946635442516
-0.45955548115494244 -0.9964488969233785
-0.9820262090374248 0.9983591988556193
-0.09757192012050352 -0.9802873346348117
0.926671280834974 0.9425950127462078
0.6232951215758151 -0.8860366452686823
-0.5730607680854479 0.8117442483118443
-0.9484064613325216 -0.721204784705907
0.03500666902739216 0.6162304024305311
0.9682665978167174 -0.4989221644606902
0.5143145694680734 0.3716279959769425
-0.6764834082349334 -0.23689569062697696
-0.8981000934871396 0.09742191641843286
0.16696933766835367 0.04400175810960843
0.9928258679438448 -0.18454473714991315
0.3962849733023973 0.32139405202142257
-0.7680037447574561 -0.45181066275653
-0.831992214666081 0.5731842800046555
0.2959942849563158 -0.6830856099913453
0.999916986176748 0.7793149768496849
0.27128299020508206 -0.8599463491477303
-0.8460115344156027 0.923365889420715
-0.7512459517639367 -0.9683042551388786
0.4198113974200833 0.9938620046068314
0.9894151887130405 -0.9995275992952022
0.14150795210161973 0.9851876422877823
-0.9091342788058985 -0.9511291479215743
-0.6572819849128502 0.8980337971928851
0.5362421901939256 -0.8269642939075506
0.9615052481288422 0.739343094657036
0.009243169843252361 -0.6369239383400864
-0.9562613726121526 0.5217567450667447
-0.5517535515017079 -0.39614658699341115
0.6432381361000102 0.2626075522879605
0.91667822242055 -0.123812425637969
-0.12318424022329293 -0.017460807552980663
-0.9865636440132827 0.15838456256203948
-0.4365173584954513 -0.29613824947454515
0.738916708206374 0.4279647273103416
0.8557228151456775 -0.5512254882192427
-0.25344430041643945 0.6634534672335933
-0.9995079434443289 -0.7624024205903711
-0.31360091483410674 0.8460918843153754
0.8215945017141093 -0.9128468132231364
0.779711498675696 0.9613311069576914
-0.37924516622379856 -0.9905743520502931
-0.9948665240305105 0.9999912447515851
-0.18516685867759727 -0.9893933058901244
0.8898168524148152 0.9589926532842801
0.6899816447135884 -0.9093977562026551
-0.49837344987687965 0.8416012568475395
-0.972721048651435 -0.7569601026144815
-0.053474907136214965 0.6571683867809406
0.9423834306000314 -0.5442234412178194
0.58811199407289 0.4203858597784891
-0.6087331635283275 -0.28813425249744296
-0.9334611531336677 0.15011563619360435
0.07915790204248846 -0.009092454410698133
0.9783693601137803 -0.1321127129090588
0.47589487971777783 0.27067364338169214
-0.7083825968507722 -0.4038170390417013
-0.8777775908513891 0.5288780339196948
0.21039797730767087 -0.643353531352886
0.9971414909716614 0.7449523034818184
0.35530469178249185 -0.8316408501915503
-0.7955684802189421 0.9016840996302814
-0.8066500793516171 -0.9536801356842639
0.33793623139301293 0.9865882573383505
0.9983695392399142 -0.9997498083138889
0.2284631394084037 0.9929013600786168
-0.8687568323951592 -0.9661799843705265
-0.721330062835045 0.9201205097060972
0.4595287082669289 -0.8556448167839004
0.9820318981752257 0.7740433870361515
0.09760192059504114 -0.6769494736340685
-0.9266599499724304 0.5663064119145463
-0.6233186937758882 -0.44432872351017555
0.5730360641393265 0.31345779268370905
0.9484160183819019 -0.17631300200544442
-0.03497654313424319 0.035639305393269476
-0.9682590637127184 0.10574771215866728
-0.5143404210804107 -0.24501818853275809
0.6764612078812277 0.37938462419746033
0.8981133502977764 -0.506157674029373
-0.16693961640289298 0.6227999745741665
-0.992822263156251 -0.726976929393373
-0.396312649484004 0.8166034360279758
0.7679844385975427 -0.8898856193383029
0.8320089379926597 0.9453567359271443
-0.2959654912456712 -0.9819065310188204
-0.9999173741295486 0.9988034602160653
-0.2713120040108053 -0.9957093313661118
0.8459954621293234 0.9726860734789293
0.7512658473699572 -0.9301944972176673
-0.4197840378716341 0.8690850717700999
-0.989419562580448 -0.7905809027020496
-0.14153779305164443 0.696253251491172
0.9091217231751055 -0.5879900867177968
0.6573047027475336 0.46795829636095626
-0.5362167461818621 -0.3385603175207516
-0.9615135309553878 0.2023860516234606
-0.009273312904675462 -0.062161027526881164
0.9562525545453386 -0.0793081499582884
